dataset=clue
beta_short=0.98 beta_long=0.98
base_k=2
w_short=0.5 w_long=0.5
size_penalty=0.0
long_min_len=6
max_len=10
ok=True
base_dev_score=0.18481751962145185
final_dev_score=0.21766774706244868
base_train_P=0.4934876989869754
base_train_Rshort=0.7157389271498072
base_train_Rlong=0.31842156671224847
base_train_lex_size=2401
final_train_P=0.5161734149491773
final_train_Rshort=0.9432615151323688
final_train_Rlong=0.6747411603828872
final_train_lex_size=8302