dataset=boson
beta_short=0.98 beta_long=0.98
base_k=2
w_short=0.5 w_long=0.5
size_penalty=0.0
long_min_len=6
max_len=10
ok=True
base_dev_score=0.09756386036627043
final_dev_score=0.1156764671138882
base_train_P=0.30453126950443143
base_train_Rshort=0.7636449608213997
base_train_Rlong=0.2774153463808636
base_train_lex_size=2565
final_train_P=0.32836385115180156
final_train_Rshort=0.8220075655228317
final_train_Rlong=0.5371233302267785
final_train_lex_size=4858